0.70   0.50  -0.70  -1.00  -0.00  -0.00  -0.10   0.60  -0.80   0.00  -0.60  -0.10
0.60  -0.30  -2.10  -0.20   1.30   2.00   1.40   1.20   0.50  -0.60   0.30   0.80
2.00   0.40   1.00   0.10  -0.60  -1.70  -2.50  -2.90  -2.90  -2.80  -4.30  -3.70
-5.80  -6.00  -4.00  -1.50   1.00   0.10  -1.00   0.20   1.40   0.70  -0.20   0.00
0.30   1.40  -0.40   0.60   0.30  -0.60   0.30   0.70   0.20  -0.50   0.40  -0.20
-0.50   2.00   1.30   1.90   0.70  -0.60  -0.20   1.60   0.00  -0.60  -0.30   0.40
1.60  -1.70   0.80   0.50  -0.40   1.60   0.50  -0.60  -0.80   1.10  -2.00  -2.40
-1.10  -2.10  -2.10  -2.30  -2.10  -1.80  -2.20  -1.50  -1.70  -0.60  -0.00  -0.80
-0.20  -0.60   1.10   0.20   1.50   0.10   1.70   2.50   3.00   2.30   2.80   2.00
2.50   2.00   1.80   2.70   2.00   1.20   1.50  -0.50   0.80   1.30  -0.40  -0.90
-0.10  -3.00  -0.70   0.30   2.00   0.50   0.90  -0.30  -1.20   0.40  -0.80  -0.40
1.00   0.40  -1.10  -1.00  -1.70  -0.20   0.00  -0.70  -2.50  -1.70  -1.10  -2.90
-4.70  -1.50  -3.30  -1.70   0.40  -1.00  -1.00   0.60   0.10  -2.30  -1.10  -0.90
-1.50  -1.20  -0.80  -1.90  -0.60  -1.40  -1.30  -1.60  -1.20  -1.80  -0.10   0.30
-0.20   0.40  -1.10  -2.10  -1.10  -0.70  -2.20  -2.00  -2.60  -1.90  -0.90  -2.00
-0.70  -0.20   1.20  -1.10  -0.60   0.20   0.70   0.50   0.40   0.00   0.10  -0.80
1.60   0.40   1.90   1.30   0.50   1.90   1.10   1.20   1.00   1.00  -0.10   1.50
0.80   2.90  -0.70  -1.00  -2.20  -2.30  -1.20  -2.40  -2.40  -2.40  -2.00  -1.60
-4.40  -3.40  -4.00  -2.40   0.40   1.60   2.00   1.90   1.70   1.80   1.70   2.30
3.00   1.60   2.10   2.30   0.40   0.40   0.90   0.60  -0.10   1.60   1.70   2.40
1.10   2.70   2.20   2.00   0.60  -0.30  -0.30   1.20   1.40   1.80   3.00   1.30
1.60   2.80   1.50   0.30  -0.80   0.50  -0.30  -0.70   0.30  -0.10   1.10  -1.40
0.70   1.80  -0.40  -0.10  -1.40  -0.40  -0.80  -1.60  -1.00  -0.60  -0.70  -1.80
-0.30  -1.10  -0.50  -0.20  -0.50  -1.00   0.50   0.20  -0.20   0.00  -0.50   1.80
-2.20   2.00   0.70  -1.50   1.70  -1.40  -0.80  -0.50  -0.60  -0.10  -1.10  -1.30
0.60  -5.20   0.50  -1.00  -1.30   0.70   0.30  -0.60   0.60   2.00  -0.30  -0.00
2.70   0.20   2.90   1.80  -0.80  -0.40  -1.00  -1.70  -1.00  -2.10   0.10  -0.50
-1.30  -0.10   0.30  -0.20  -0.20   0.90  -0.50   0.70   0.30   1.20   1.40   2.70
2.90   4.40   2.40   1.10  -0.10   1.00   0.50   1.70   2.00   2.10   2.20   2.40
1.80   3.10   0.70   1.30  -0.20   0.20   0.40  -0.30   0.50  -2.00  -1.00  -1.20
-1.80  -2.40  -1.10   2.00   1.50   0.60   3.00   3.00   3.70   2.90   2.10   4.80
3.80   4.50   4.20   3.10   0.60   0.40   1.60   0.70   1.70   1.20   1.80   4.10
1.80   0.80   1.20  -0.40   0.10  -0.70  -0.10  -0.30   0.40   0.50   0.40  -1.00
-0.10  -0.40   2.50   0.40   1.30   2.00   1.30   0.30   0.50  -0.10   1.20   0.10
2.40   0.10  -1.50   1.30   0.90   0.30  -0.30  -1.20  -1.20  -1.00  -1.50  -0.90
-1.40   0.40  -1.20  -0.10  -1.20  -0.90  -1.90  -2.40  -2.70  -2.80  -0.80  -0.90
-3.60  -3.20  -0.10  -2.00   0.70   1.10   0.70   1.20   2.00  -0.40  -0.20   0.50
0.30  -0.10   1.50  -0.30   0.40  -0.70   1.30   0.90   1.00   1.50   1.50  -0.20
1.80  -0.80   2.40   0.80   0.60  -0.20   0.40  -0.50  -1.50   0.60  -0.10   1.70
-0.10  -2.30  -0.50   0.20  -0.70  -0.70  -0.60  -0.20  -1.90  -0.60  -1.40  -0.90
0.30  -0.10  -0.20   0.30   0.70  -0.60   0.70   1.80   1.50   0.80   1.10   3.00
